vols
1.90983290956838
1.90466852583775
1.9153683449794
1.92280288334219
1.90508346968124
1.94976948638275
1.91660464167262
1.9148673407944
1.90310226106598
1.91491219859439
1.90231756324491
1.92527140712288
1.93807129433451
1.93155349996068
1.9044945825388
1.90404312115652
1.93886202682745
1.94525673721118
1.92668859758835
1.95545771060212
1.99129044289278
1.96690488594011
1.96469865265132
1.98731567138518
1.95051683091717
1.95242236696266
1.98339580607868
1.98017339919154
1.97630512328978
1.98648547241116
1.98536267426577
1.98906885258996
1.96439884878071
1.98462659931933
1.9778334917482
1.96982603962908
1.9530795333527
1.98900877657456
2.0168791932026
2.03039329536315
2.03706270247511
2.00524066209868
2.00639441898915
2.02747700535076
2.02426147042925
2.04452378395922
2.03994801394064
2.0367170541848
2.00256659430562
2.00364426495495
2.00442637298374
2.0399175432057
2.04715040697854
2.03418577862042
2.00660414778568
2.03613622698284
2.00551767403212
2.00587464260759
2.0320358961483
2.01644071073784
2.03269060112979
2.03745657315518
2.02915928657274
2.03700161639939
2.0117413457374
2.0367478770848
2.04852992625433
2.0433465145876
2.00431172649317
2.01832183081596
2.0184599402165
2.03425142363308
2.02989708176919
2.03946819718209
2.01838264592189
2.01030139297526
2.00433332736978
2.08859669585495
2.06028372607324
2.06941358155239
2.07758892659786
2.06144766260115
2.08209703101996
2.07422401861991
2.05759227625581
2.0890965983294
2.05503031611812
2.06470331668793
2.06186865098528
2.0765436128514
2.05457493656697
2.07026577099403
2.05524231235579
2.0556141981078
2.0892213945372
2.06457851589535
2.08017667193754
2.09822113336079
2.07162424969852
2.0847376097309
2.08790496376447
2.07163211630735
2.08277490199018
2.05548775253615
2.09668799241927
2.05937304032108
2.06330894194538
2.08989151301058
2.0743801887717
2.08844791320294
2.06980033726089
2.06364693970618
2.05186173170352
2.08366474570543
2.07147822296259
2.07258696174524
2.08049285846451
2.05297016484291
2.06579057191694
2.08863610654315
2.0848216494503
2.05626660905546
2.05650757251947
2.05461761693596
2.05039101467847
2.12115546925821
2.1327786587469
2.1361461262346
2.12656046467912
2.10544089691365
2.13158831867642
2.10632499326646
2.10671516521568
2.10492970463555
2.1071013624216
2.10841256492458
2.10981244611285
2.11587398875747
2.11582144995731
2.11087816547114
2.11255209230079
2.1446461202643
2.13516116122781
2.12778689713597
2.10922168338788
2.11060154212662
2.10386734040563
2.14569002053898
2.13533576088485
2.12788944833774
2.11567144949683
2.10831017814511
2.13112486296399
2.14939673674762
2.10852160115284
2.1128896125286
2.11983996593166
2.10369973847885
2.1342048033481
2.12011941663481
2.1491417600697
2.12010919926112
2.13103359735998
2.10771849027396
2.11906726022222
2.10805669859247
2.13790562156637
2.14355555609577
2.11753883724429
2.13427678543738
2.11470743168839
2.12653146519284
2.14162116931426
2.12987450959363
2.11676556653526
2.11496125116666
2.12262962707847
2.12113228266102
2.11798031589861
2.12791595999346
2.1371272682851
2.12121673918128
2.12146778942881
2.10624363793599
2.10122170080252
2.11450926325654
2.11587602914496
2.13268450669832
2.14784679620353
2.14678654363924
2.12289431669272
2.1120239198416
2.13819489721432
2.13796636915655
2.13703240324893
2.13718441707437
2.10529602083664
2.13407802152352
2.12316302892969
2.11060816026275
2.1049259368844
2.14117872369639
2.1087504868691
2.10817849548925
2.13329936082056
2.14471946876771
2.12582791041756
2.13513511534752
2.10767951883097
2.14767285349431
2.12704420406207
2.13398669491052
2.15182815090242
2.19046019256469
2.18743094358881
2.15600935089935
2.17625225823813
2.16629168143816
2.17732247199515
2.16994403761916
2.17075466933065
2.15903688801274
2.1627693370244
2.15102678873291
2.19618378063102
2.18268499445041
2.19663067860243
2.15817561842638
2.19605486279461
2.18973289426944
2.17886970983533
2.17200177978801
2.16288068683562
2.18759731969337
2.16143347410527
2.15320935436959
2.18836647553883
2.18356010926783
2.18576062573929
2.18210304142169
2.17095241468124
2.16953810411021
2.19080700514377
2.16587139318279
2.19072698864503
2.18945367574695
2.19261319451719
2.17528183087859
2.18178306944307
2.19754472076891
2.17219820775094
2.15300094098897
2.19333749484997
2.18155943671345
2.16775368259394
2.19985016358033
2.16120857494916
2.18262255364843
2.18024953209541
2.16936227157416
2.15710935796452
2.15125674928551
2.17105561268826
2.15920501447137
2.18628876337347
2.16851813432576
2.19207800437341
2.18671148455967
2.17855129364122
2.15884275288126
2.19786920112979
2.16326610180965
2.19622904476198
2.16118852023485
2.16867819038213
2.15437501747883
2.18200582741234
2.15903084438765
2.15225255537368
2.18615867395915
2.16737188227909
2.18303084122514
2.1691934300536
2.18136732512217
2.15108249073151
2.19552849942615
2.19002793281394
2.18729237421714
2.19065564068054
2.16916531593128
2.18086396161582
2.17877474298514
2.17650258523825
2.1637534877911
2.1624314479831
2.1725819385226
2.16138564130133
2.19022247918065
2.1993052120948
2.15149959751347
2.17678320953336
2.15435386099504
2.19010457202779
2.19945724548502
2.15334731291989
2.19696991809423
2.20090887668183
2.23419193068732
2.23918682400416
2.22670687839414
2.24426797254656
2.24495024494531
2.23129688130402
2.20689344962063
2.21089007968561
2.20910705379452
2.20209099319865
2.20534708292751
2.23082217425428
2.24698305050805
2.21772278654837
2.22053145450298
2.24921747084922
2.24727895945176
2.23383223392168
2.24941511311566
2.23834156936083
2.21683496321957
2.23311909301997
2.21220826433951
2.21477536254158
2.23400891856152
2.22639234152094
2.22057967567038
2.23013191090182
2.23752600279619
2.2291766587131
2.2275896257468
2.22917853093788
2.22559099599792
2.20412963634993
2.23597850674297
2.24980780556484
2.21772671524785
2.24856294075917
2.21732243806502
2.24432719308801
2.22273474324959
2.22067136445104
2.21088660341786
2.20628272936813
2.21544572967834
2.23630522158324
2.23914360364896
2.23468938074934
2.20049011261315
2.24216066690052
2.24611659988981
2.2385477110337
2.20213299279675
2.21890930685251
2.23521698122417
2.23647565227523
2.21121385353322
2.21345273658867
2.23365155825021
2.22387460988634
2.23118582063337
2.21182224663204
2.20885618772492
2.24148216928488
2.23834608339676
2.24672391365591
2.20539444525422
2.20911137528005
2.20495476412112
2.22448819009617
2.20966226652344
2.24479457868963
2.20495448248409
2.20220827858813
2.22786475779024
2.23862475335938
2.21559700287481
2.20894912396572
2.21694778391239
2.21050728185218
2.22550762598826
2.24531821616326
2.23144619693262
2.20507669444061
2.21954273763632
2.20273083076118
2.22506414566016
2.22158605859421
2.24987801747561
2.24058012904977
2.2242825834949
2.24472238777837
2.20687732973835
2.21950024572226
2.24636781124991
2.2458746916208
2.23567870057971
2.2309168691811
2.21716439451207
2.24680136633449
2.20623870203302
2.23652926807528
2.23232387162129
2.29165759928346
2.26991411141094
2.28749111046803
2.29176102552391
2.26612301986811
2.27761308084292
2.29895645662169
2.27746542665091
2.26652118048033
2.28097357775889
2.26803182855011
2.2878254771751
2.27069503743451
2.27461725521925
2.28473716165663
2.29863669425399
2.26638774802467
2.29189015915393
2.28695361136368
2.29770872281898
2.2515961314752
2.26784344930913
2.28313269171436
2.26407507795742
2.26151915336587
2.28555642755902
2.28122864584966
2.27953043264598
2.28302189831563
2.25237773365569
2.2674392404255
2.27256702901779
2.262045249856
2.28575225066481
2.29280911460031
2.26407538475593
2.28655254148619
2.25688814462597
2.29183613908748
2.25693008578712
2.27941046926947
2.26830784002275
2.29033797723305
2.27518903928881
2.27447971693617
2.29385243616925
2.26765709064695
2.27247217782859
2.29817651434217
2.25211488989573
2.29864791670703
2.25946034215612
2.283356015002
2.27932198073395
2.28375562082026
2.26805110245973
2.28101392135355
2.29055754425501
2.25096287387071
2.25419367541414
2.29874008335924
2.28256747662077
2.26156189080822
2.27017455715623
2.25610102591261
2.26342194106986
2.26289230850563
2.26658326193713
2.25761170064315
2.2674003829858
2.25608292271539
2.29420765288748
2.25471391950321
2.29650203130537
2.26995099845173
2.25237007310146
2.26711867515804
2.28679830794401
2.28973410786669
2.27724529491223
2.2843111731492
2.29468163479668
2.25273958949599
2.26518306898585
2.25230957781658
2.25977383818169
2.28600829012583
2.28608766367496
2.29388995355758
2.27912164822437
2.25353421676933
2.29613722850945
2.34001860461755
2.31429734282102
2.32718316164207
2.34923881184853
2.33578390335633
2.3419484798665
2.3216630280504
2.32353123578033
2.32803567055223
2.31345457717655
2.3374509233821
2.32519438867302
2.33234048331364
2.31538727910155
2.30693623180391
2.32377864668988
2.31812296404094
2.33940567141993
2.3390147910422
2.33342561071268
2.30667519298306
2.30107779436017
2.32799203529362
2.31504095090347
2.34697048569367
2.34904518180234
2.31433101944471
2.34004101434758
2.34480556757163
2.32987632884089
2.34420083678619
2.34718657705979
2.32745790437099
2.33641934122972
2.3288379148929
2.30129287355416
2.32232654891424
2.33231509786753
2.32606014763362
2.31861563303897
2.34685673331708
2.34147664122632
2.34245427399772
2.31862671199498
2.32965922876092
2.34362762823238
2.34667508042535
2.33342321371807
2.31033882289675
2.33269252960313
2.30360257756103
2.32033634575447
2.33334657666037
2.3466862829773
2.34054750161191
2.32422741359175
2.33783746050327
2.37085237268714
2.39858929964946
2.39939873506154
2.39320737645156
2.36944418879562
2.37273709140195
2.3623343598819
2.38922115465121
2.39414188027915
2.39568558406465
2.37791424618111
2.37994340513731
2.35744383601688
2.39498567422679
2.3725196790326
2.3602836169732
2.39498254952545
2.38812927696866
2.39412431537001
2.36424751090124
2.38366129932261
2.3832139952209
2.35614074969497
2.37036592115284
2.36376434756578
2.38583348703196
2.36416921908145
2.39480994284247
2.39132894461568
2.3695013256407
2.37489514714821
2.38474025963362
2.391718450055
2.38048148448379
2.37873685804282
2.36630210854614
2.37282123004259
2.38568977916166
2.3942202522638
2.38604278354085
2.35093063873632
2.38373882335641
2.37192544121182
2.37189100895831
2.40585184097528
2.44073408447593
2.41624277193152
2.41231140571173
2.41713566105616
2.41878460700048
2.42732768965415
2.4280960077133
2.4197911114312
2.41990654397657
2.42576836096058
2.43287652710479
2.44754575991325
2.43611742571637
2.42000398726812
2.44159356696649
2.40671691708643
2.40302333859699
2.40421235261573
2.40819491591648
2.4162109960147
2.41508633886023
2.40058404955652
2.42699525469248
2.40476863463139
2.40732574282211
2.43155706035075
2.44296602057144
2.49871108156193
2.47854192137361
2.49984251072875
2.47767707867478
2.47577292274201
2.46653410329951
2.47150008991967
2.47459031268019
2.45355185419565
2.49438696077663
2.45323167955254
2.47180924778657
2.49133147533094
2.46972673421165
2.48067374408526
2.49093203675411
2.49431175195313
2.49655558137436
2.45953923240045
2.46292911257094
2.49489328424201
2.4796680930193
2.47519200409234
2.48064047944178
2.49097111211159
2.47659445847464
2.51010375482742
2.52269467328402
2.52139554599101
2.5483026374806
2.53100275270667
2.5347694975959
2.5360082306009
2.51734475951438
2.52584952102626
2.5278347316006
2.5078247609557
2.52810280227809
2.53474016445542
